240 2360
1 3
1 5
1 9
1 10
1 15
1 25
1 26
1 36
1 38
1 40
1 45
1 46
1 48
1 57
1 61
1 62
1 81
1 85
1 86
1 89
1 90
1 104
1 120
1 153
1 155
2 8
2 10
2 12
2 14
2 15
2 19
2 20
2 23
2 29
2 36
2 40
2 47
2 51
2 52
2 60
2 69
2 77
2 80
2 83
2 88
2 154
2 179
2 200
3 7
3 13
3 14
3 18
3 19
3 21
3 42
3 49
3 60
3 72
3 85
3 87
3 100
3 103
3 105
3 119
3 120
3 154
3 155
3 170
3 173
3 177
3 198
3 203
3 210
4 8
4 10
4 12
4 15
4 16
4 19
4 21
4 23
4 24
4 25
4 29
4 33
4 34
4 59
4 64
4 65
4 69
4 73
4 75
4 80
4 95
4 112
4 153
4 194
5 12
5 16
5 25
5 26
5 30
5 31
5 32
5 34
5 43
5 53
5 55
5 57
5 63
5 69
5 71
5 87
5 91
5 107
5 151
5 156
5 160
5 172
5 173
5 174
5 175
5 176
5 180
5 188
5 209
6 7
6 13
6 15
6 18
6 20
6 21
6 25
6 28
6 32
6 34
6 38
6 41
6 42
6 45
6 62
6 63
6 68
6 73
6 80
6 82
6 87
6 90
6 97
6 111
6 116
6 157
6 159
6 168
6 172
6 175
6 177
6 192
6 203
7 10
7 11
7 12
7 19
7 22
7 29
7 40
7 47
7 48
7 51
7 52
7 53
7 56
7 67
7 69
7 74
7 77
7 83
7 88
7 90
7 104
7 113
7 163
7 165
7 174
7 180
7 194
8 16
8 28
8 29
8 30
8 33
8 34
8 35
8 42
8 44
8 45
8 47
8 48
8 49
8 50
8 52
8 57
8 59
8 71
8 74
8 79
8 81
8 83
8 86
8 89
8 105
8 109
8 112
8 113
8 116
8 154
8 162
8 173
8 180
8 207
8 210
9 11
9 12
9 15
9 18
9 19
9 23
9 26
9 31
9 32
9 37
9 43
9 44
9 45
9 47
9 51
9 52
9 55
9 58
9 59
9 81
9 90
9 101
9 105
9 106
9 110
9 115
9 160
9 171
10 14
10 19
10 20
10 22
10 31
10 32
10 36
10 38
10 40
10 41
10 42
10 46
10 48
10 52
10 64
10 73
10 74
10 85
10 88
10 89
10 97
10 117
10 161
10 169
10 178
10 179
10 180
10 193
11 12
11 20
11 27
11 30
11 31
11 37
11 39
11 41
11 42
11 47
11 55
11 57
11 68
11 77
11 78
11 94
11 97
11 110
11 114
11 168
11 180
12 17
12 19
12 31
12 42
12 43
12 46
12 49
12 50
12 52
12 53
12 58
12 61
12 62
12 81
12 83
12 85
12 97
12 98
12 101
12 104
12 110
12 112
12 115
12 151
12 158
12 159
12 171
12 172
12 181
12 193
12 210
13 14
13 16
13 17
13 18
13 19
13 20
13 21
13 24
13 44
13 46
13 47
13 49
13 53
13 54
13 61
13 69
13 79
13 80
13 83
13 87
13 157
13 190
13 199
14 15
14 21
14 24
14 25
14 30
14 33
14 34
14 36
14 41
14 47
14 49
14 50
14 52
14 53
14 58
14 69
14 70
14 74
14 75
14 77
14 81
14 83
14 85
14 86
14 98
14 102
14 104
14 107
14 155
14 165
14 168
14 181
14 202
15 16
15 17
15 21
15 25
15 29
15 30
15 31
15 36
15 38
15 40
15 46
15 50
15 52
15 65
15 77
15 89
15 103
15 110
15 115
15 116
15 155
15 165
15 170
16 19
16 20
16 25
16 26
16 27
16 29
16 36
16 37
16 39
16 40
16 46
16 52
16 53
16 59
16 63
16 67
16 82
16 88
16 92
16 95
16 119
16 157
16 166
16 169
16 170
16 172
16 174
16 176
16 190
16 194
16 205
17 22
17 27
17 40
17 50
17 58
17 63
17 68
17 76
17 77
17 82
17 89
17 99
17 110
17 112
17 117
17 175
17 177
17 178
18 20
18 26
18 29
18 30
18 32
18 38
18 40
18 45
18 47
18 53
18 65
18 76
18 83
18 84
18 89
18 99
18 101
18 109
18 111
18 154
18 162
18 174
18 176
18 178
18 188
19 21
19 22
19 28
19 30
19 32
19 34
19 46
19 48
19 50
19 56
19 57
19 74
19 84
19 85
19 101
19 104
19 159
19 161
19 171
19 178
19 186
20 21
20 26
20 29
20 34
20 37
20 40
20 43
20 46
20 47
20 50
20 51
20 69
20 79
20 87
20 88
20 92
20 111
20 120
20 160
20 162
20 179
21 23
21 26
21 28
21 38
21 41
21 46
21 50
21 51
21 55
21 58
21 67
21 77
21 84
21 86
21 95
21 118
21 168
21 173
21 187
22 24
22 28
22 29
22 30
22 44
22 45
22 51
22 53
22 55
22 58
22 61
22 71
22 73
22 77
22 80
22 82
22 87
22 94
22 106
22 152
22 154
22 170
22 179
22 207
22 208
23 25
23 30
23 32
23 35
23 36
23 38
23 39
23 43
23 48
23 50
23 52
23 55
23 56
23 66
23 80
23 82
23 92
23 109
23 113
23 120
23 164
23 173
23 180
23 183
23 188
23 200
24 26
24 28
24 29
24 33
24 36
24 38
24 39
24 44
24 45
24 47
24 52
24 54
24 58
24 73
24 80
24 81
24 90
24 154
24 167
24 188
24 198
24 207
25 30
25 31
25 36
25 41
25 44
25 47
25 53
25 54
25 57
25 58
25 76
25 77
25 81
25 87
25 89
25 91
25 96
25 115
25 158
25 160
25 167
25 174
25 178
25 184
25 209
26 32
26 36
26 40
26 41
26 54
26 57
26 58
26 59
26 60
26 63
26 66
26 68
26 70
26 71
26 74
26 76
26 77
26 82
26 85
26 108
26 176
26 208
27 37
27 38
27 39
27 42
27 44
27 47
27 50
27 54
27 56
27 75
27 109
27 115
27 164
27 166
27 174
28 30
28 31
28 32
28 33
28 42
28 43
28 45
28 46
28 49
28 52
28 53
28 62
28 65
28 73
28 79
28 81
28 84
28 87
28 88
28 92
28 98
28 110
28 119
28 173
29 30
29 31
29 32
29 36
29 37
29 38
29 45
29 46
29 61
29 65
29 69
29 80
29 88
29 93
29 116
29 180
29 183
30 32
30 34
30 37
30 39
30 46
30 47
30 52
30 54
30 58
30 80
30 82
30 83
30 162
30 180
31 35
31 44
31 48
31 52
31 60
31 78
31 88
31 93
31 105
31 158
31 161
31 165
31 181
32 41
32 53
32 57
32 58
32 69
32 72
32 86
32 90
32 91
32 112
32 113
32 158
32 162
32 165
32 167
32 168
32 171
32 173
32 210
33 35
33 36
33 37
33 40
33 51
33 58
33 64
33 76
33 78
33 80
33 98
33 104
33 108
34 39
34 40
34 41
34 43
34 45
34 47
34 52
34 58
34 64
34 66
34 74
34 82
34 86
34 98
34 165
34 175
34 178
34 179
35 42
35 43
35 48
35 49
35 50
35 54
35 55
35 58
35 62
35 68
35 73
35 76
35 79
35 80
35 83
35 87
35 94
35 112
35 119
35 159
35 162
35 166
35 184
35 195
35 198
35 200
36 40
36 44
36 49
36 51
36 57
36 61
36 66
36 68
36 73
36 80
36 88
36 112
36 151
36 161
36 170
36 180
36 185
36 189
37 38
37 41
37 51
37 54
37 58
37 80
37 83
37 85
37 108
37 196
37 204
38 41
38 45
38 46
38 47
38 56
38 69
38 77
38 81
38 97
38 100
38 104
38 120
38 154
38 167
38 168
38 188
38 198
39 43
39 44
39 47
39 63
39 77
39 88
39 102
39 106
39 114
39 116
39 120
39 153
39 161
39 162
39 171
39 180
40 52
40 61
40 67
40 78
40 85
40 86
40 91
40 100
40 101
40 112
40 176
40 178
40 182
40 204
40 205
41 47
41 52
41 64
41 77
41 89
41 97
41 101
41 187
42 50
42 56
42 59
42 60
42 71
42 73
42 86
42 90
42 94
42 105
42 107
42 120
42 153
42 154
42 164
42 166
42 193
42 198
42 200
43 44
43 49
43 64
43 76
43 77
43 81
43 88
43 91
43 97
43 100
43 103
43 106
43 175
43 177
43 183
43 188
44 45
44 53
44 54
44 55
44 57
44 60
44 69
44 73
44 78
44 79
44 81
44 89
44 99
44 105
44 109
44 114
44 120
44 158
44 163
44 164
44 166
44 180
44 181
44 194
44 198
44 201
44 203
44 207
44 209
45 46
45 50
45 51
45 58
45 64
45 67
45 68
45 72
45 74
45 75
45 77
45 82
45 85
45 92
45 113
45 116
45 120
45 152
45 172
45 174
45 178
45 179
45 180
45 203
46 56
46 57
46 61
46 62
46 82
46 85
46 110
46 118
46 119
46 154
46 162
46 183
46 185
46 197
47 53
47 58
47 59
47 69
47 73
47 75
47 107
47 156
47 169
47 190
47 200
48 52
48 57
48 60
48 65
48 67
48 69
48 70
48 74
48 77
48 83
48 91
48 96
48 97
48 102
48 105
48 114
48 156
48 157
48 159
48 161
48 166
48 171
48 179
48 186
49 53
49 58
49 64
49 70
49 79
49 81
49 83
49 88
49 99
49 109
49 177
49 207
50 52
50 54
50 62
50 64
50 69
50 72
50 80
50 85
50 89
50 108
50 112
50 158
50 159
50 178
50 180
50 182
50 192
50 200
51 56
51 58
51 64
51 74
51 75
51 76
51 77
51 79
51 83
51 87
51 104
51 160
51 165
51 168
51 178
51 179
51 203
52 58
52 65
52 69
52 78
52 81
52 89
52 107
52 108
52 119
52 157
52 159
52 169
52 186
52 190
53 62
53 65
53 66
53 82
53 92
53 106
53 109
53 113
53 155
53 156
53 163
53 168
53 170
53 171
53 178
53 184
53 185
53 200
53 210
54 58
54 59
54 68
54 73
54 80
54 82
54 85
54 89
54 105
54 151
54 153
54 159
54 167
54 204
54 208
55 56
55 59
55 71
55 72
55 76
55 79
55 82
55 85
55 87
55 90
55 94
55 102
55 120
55 153
55 159
55 170
55 179
55 180
55 182
56 60
56 61
56 102
56 105
56 115
56 117
56 119
56 120
56 164
56 191
57 59
57 63
57 67
57 68
57 79
57 112
57 113
57 153
57 155
57 158
57 173
57 174
57 175
57 185
57 203
58 70
58 72
58 81
58 95
58 105
58 119
58 153
58 168
58 176
58 178
58 193
59 61
59 76
59 87
59 113
59 154
59 168
60 65
60 77
60 78
60 88
60 89
60 151
60 154
60 157
60 164
60 165
60 169
60 170
60 175
60 179
60 205
61 66
61 81
61 87
61 100
61 102
61 105
61 117
61 154
61 155
61 160
61 162
61 180
61 187
61 194
61 199
61 205
62 68
62 72
62 74
62 76
62 78
62 84
62 87
62 88
62 97
62 119
62 151
62 156
62 166
62 197
62 203
63 68
63 71
63 81
63 88
63 90
63 105
63 115
63 117
63 118
63 119
63 158
64 66
64 67
64 76
64 78
64 83
64 88
64 107
64 154
64 165
64 168
64 170
65 66
65 75
65 77
65 78
65 80
65 81
65 83
65 90
65 91
65 101
65 118
65 153
65 162
65 168
65 170
65 172
65 187
65 192
65 194
65 197
65 205
66 80
66 87
66 107
66 154
66 165
66 180
66 208
67 73
67 78
67 80
67 86
67 88
67 89
67 95
67 102
67 104
67 120
67 153
67 160
67 173
67 174
67 181
67 185
67 194
68 71
68 77
68 91
68 113
68 152
68 159
68 173
69 75
69 78
69 80
69 100
69 156
69 160
69 162
69 167
69 169
69 195
69 204
69 207
70 72
70 73
70 75
70 93
70 105
70 114
70 154
70 155
71 95
71 105
71 109
71 120
71 151
71 153
71 159
71 172
71 176
72 79
72 82
72 87
72 89
72 93
72 94
72 119
72 158
72 160
72 203
73 80
73 88
73 92
73 93
73 95
73 158
73 169
73 170
73 172
73 173
73 185
73 195
73 198
74 80
74 97
74 113
74 162
74 163
74 165
74 178
74 180
74 210
75 82
75 93
75 97
75 113
75 151
75 153
75 154
75 160
75 170
75 179
75 196
75 205
76 80
76 84
76 88
76 90
76 107
76 154
76 180
77 81
77 82
77 87
77 88
77 90
77 91
77 95
77 96
77 97
77 98
77 102
77 151
77 155
77 192
78 80
78 102
78 160
78 190
79 81
79 83
79 85
79 94
79 106
79 109
79 120
79 151
79 155
79 162
79 163
79 177
79 179
79 187
79 199
79 200
80 87
80 89
80 99
80 110
80 154
80 162
80 165
80 185
81 86
81 97
81 98
81 115
81 120
81 167
81 177
81 184
82 89
82 94
82 97
82 108
82 175
82 177
82 182
82 184
83 98
83 99
83 104
83 109
83 110
83 113
83 157
83 160
83 178
83 180
84 89
84 91
84 92
84 95
84 109
84 114
84 155
84 171
85 90
85 99
85 104
85 107
85 110
85 116
85 165
85 171
85 181
85 186
85 198
86 98
86 113
86 160
86 171
87 105
87 120
87 160
87 161
87 177
87 180
87 184
88 92
88 95
88 118
88 151
88 158
88 178
89 90
89 103
89 151
89 153
89 162
89 171
89 200
90 91
90 106
90 107
90 161
90 172
90 175
90 180
91 96
91 101
91 113
91 162
91 167
91 171
91 195
91 204
92 119
92 160
92 173
92 174
92 183
92 195
92 210
93 96
93 110
93 113
93 119
93 155
93 170
93 177
94 151
94 154
94 182
94 189
94 190
94 192
95 101
95 106
95 109
95 161
95 175
95 178
97 101
97 105
97 117
97 120
97 157
97 168
97 177
98 158
99 110
99 114
99 165
99 166
99 175
99 188
99 207
100 102
100 103
100 104
100 111
100 119
100 162
101 105
101 154
101 175
101 178
101 197
102 103
102 151
102 160
102 162
102 181
102 195
102 205
103 111
103 151
103 173
103 195
104 110
104 120
104 152
104 181
104 192
104 194
104 200
104 203
105 109
105 153
105 161
105 166
105 167
105 170
105 176
105 178
105 181
105 197
105 210
106 113
106 116
106 152
106 161
106 200
107 112
107 151
107 165
107 169
107 180
107 181
107 186
108 112
108 119
108 153
108 173
108 180
108 203
108 205
108 208
109 113
109 164
109 169
109 174
110 113
110 114
110 117
110 166
110 171
110 178
110 181
110 192
111 115
111 157
111 161
111 184
111 192
112 151
112 156
112 168
112 180
112 195
112 200
113 169
113 171
113 180
113 195
113 200
114 115
114 153
114 155
114 161
114 174
114 175
114 176
114 181
115 151
115 165
115 174
115 184
116 156
116 172
116 173
116 180
116 186
116 191
117 120
117 153
117 158
117 168
117 171
117 179
117 187
117 193
118 158
118 168
118 174
119 176
120 171
120 180
121 126
121 127
121 145
121 148
121 154
121 157
121 158
121 161
121 162
121 171
121 195
121 218
122 123
122 128
122 140
122 162
122 185
122 191
123 130
123 145
123 153
123 162
123 170
123 187
123 189
123 190
123 196
123 207
123 208
123 218
123 223
124 147
124 157
124 173
124 188
124 191
124 193
124 198
125 139
125 140
125 142
125 151
125 153
125 159
125 171
125 173
125 203
126 131
126 157
126 164
126 166
126 173
126 183
126 194
126 204
126 221
127 134
127 145
127 146
127 161
127 171
127 179
127 186
127 222
128 142
128 153
128 163
128 181
128 201
128 203
128 206
129 131
129 137
129 150
129 153
129 161
129 173
129 175
129 209
129 233
130 158
130 165
131 170
131 203
131 208
132 134
132 156
132 157
132 184
132 198
132 202
132 215
133 141
133 169
133 180
133 182
133 200
133 210
134 136
134 166
134 179
134 183
134 203
134 204
134 218
134 229
135 187
135 197
135 202
135 238
136 148
136 169
136 184
136 186
136 210
136 227
137 144
137 147
137 148
137 190
137 202
138 162
138 195
138 238
139 150
139 154
139 166
139 170
139 178
139 191
139 196
140 156
140 172
140 177
140 178
140 196
140 200
140 201
140 205
140 207
140 210
141 145
141 146
141 154
141 156
141 175
141 178
141 185
141 198
141 232
142 178
142 192
142 232
143 148
143 170
144 150
144 201
144 205
144 221
144 232
145 146
145 149
145 172
145 174
145 176
145 189
145 210
145 229
146 169
146 175
146 194
146 197
146 240
147 160
147 196
147 199
147 204
147 207
147 213
147 225
148 149
148 152
148 174
148 186
148 190
148 195
148 201
148 203
148 220
148 223
149 150
149 161
149 162
149 169
149 188
149 209
150 155
150 162
150 168
150 188
150 202
150 209
150 217
151 156
151 159
151 169
151 170
151 193
151 198
151 203
151 204
152 167
152 185
152 200
152 207
153 161
153 162
153 163
153 168
153 176
153 183
153 187
153 203
153 205
153 210
153 219
154 155
154 157
154 168
154 175
154 178
154 198
154 204
154 210
155 163
155 166
155 174
155 177
155 178
155 189
155 194
155 197
155 206
155 215
156 158
156 162
156 163
156 171
156 180
156 187
156 191
156 200
156 203
156 204
157 161
157 168
157 171
157 176
157 182
157 188
157 192
157 203
157 213
157 235
158 163
158 170
158 174
158 176
158 177
158 188
158 197
158 217
159 161
159 166
159 175
159 179
159 190
159 192
160 181
160 202
160 205
160 209
161 169
161 175
161 179
161 184
161 189
161 239
162 180
162 185
163 169
163 176
163 180
163 183
163 185
163 194
163 196
163 198
164 165
164 170
164 176
164 191
164 200
164 203
164 208
164 209
165 170
165 172
165 174
165 179
165 182
165 189
165 197
165 206
165 210
165 217
165 222
166 169
166 177
166 181
166 186
166 201
166 207
166 209
166 230
166 237
167 178
167 185
167 188
167 203
167 218
167 230
168 173
168 192
168 198
168 200
168 202
168 204
168 205
168 209
168 210
168 218
169 175
169 184
169 204
170 174
170 175
170 181
170 184
170 213
170 232
171 172
171 193
171 196
171 213
172 175
172 176
172 205
172 209
172 238
173 175
173 186
173 189
173 200
173 203
173 220
174 176
174 179
174 180
174 181
174 182
174 191
174 198
174 200
174 214
175 177
175 179
175 181
175 183
175 189
175 196
175 208
175 209
175 226
175 239
176 182
176 185
176 191
176 208
176 229
177 184
177 195
177 205
177 209
178 179
178 187
178 188
178 192
178 194
178 202
178 205
178 235
179 188
179 193
179 204
179 208
179 226
180 188
180 200
180 205
180 208
180 210
181 203
181 205
181 209
181 210
181 211
181 214
181 216
181 221
181 231
182 183
182 187
182 190
182 192
182 201
182 204
182 206
182 209
182 218
182 230
182 234
182 238
183 210
183 218
183 219
183 223
184 186
184 191
184 193
184 195
184 202
185 188
185 192
185 199
185 200
185 203
185 209
185 214
185 226
185 234
185 235
186 189
186 190
186 204
186 210
186 218
186 219
187 190
187 191
187 195
187 199
187 230
187 240
188 196
188 204
188 212
188 232
188 237
188 239
189 190
189 192
189 198
189 202
189 205
190 194
190 196
190 200
190 202
190 206
190 218
190 231
191 193
191 200
191 227
191 235
191 237
191 238
191 240
192 197
192 198
192 200
192 202
192 203
192 204
192 211
192 214
192 220
192 221
192 240
193 200
193 202
193 210
193 217
193 220
193 240
194 199
194 204
194 206
194 207
194 209
194 220
194 223
194 228
194 231
194 232
195 196
195 205
195 207
195 214
195 216
195 222
195 228
195 234
195 237
195 238
196 198
196 204
196 205
196 211
196 217
196 224
196 228
197 204
197 206
197 209
197 210
197 221
197 223
198 201
198 202
198 204
198 213
198 224
198 234
199 203
199 211
199 219
199 222
199 230
199 233
199 238
200 202
200 207
200 215
200 219
200 229
200 235
201 203
201 206
201 207
201 208
201 219
201 221
201 227
201 233
202 207
202 208
202 222
202 230
203 206
203 208
203 215
203 217
203 224
203 227
203 228
203 236
203 239
204 206
204 208
204 209
204 218
204 228
204 237
205 214
205 215
205 218
205 223
205 237
205 240
206 215
206 222
206 224
206 233
206 238
207 221
207 226
207 237
207 239
208 209
208 226
208 232
208 239
209 210
209 230
209 233
210 214
210 216
210 219
210 222
210 226
210 237
211 218
211 223
211 237
212 217
212 224
212 229
212 233
212 238
212 240
213 217
213 221
213 222
213 223
213 225
213 240
214 221
214 227
214 233
214 237
215 226
215 227
215 233
215 234
215 238
216 222
216 233
216 234
217 218
217 228
217 229
218 219
218 231
219 223
219 239
220 222
220 230
220 240
221 229
222 226
223 225
224 231
225 236
225 238
226 228
226 229
226 232
227 229
227 232
228 229
228 238
229 236
230 231
231 235
232 235
233 240
234 236
235 239
236 238
237 240
